{"metadata": {"name": "", "signature": "sha256:eb6b2710f0d7a82b6076037280b773f7bc653538e39c69fd8d4b0b9d977ee1c6"}, "worksheets": [{"cells": [{"metadata": {}, "cell_type": "markdown", "source": ["# Pseudoinverse and Least Squares"]}, {"prompt_number": 1, "cell_type": "code", "input": ["import numpy as np\n", "import numpy.linalg as la\n", "\n", "np.set_printoptions(precision=4, linewidth=100)"], "metadata": {}, "outputs": [], "language": "python", "collapsed": false}, {"prompt_number": 2, "cell_type": "code", "input": ["A = np.random.randn(5, 3)"], "metadata": {}, "outputs": [], "language": "python", "collapsed": false}, {"metadata": {}, "cell_type": "markdown", "source": ["Now compute the SVD of $A$. Note that `numpy.linalg.svd` returns $V^T$:"]}, {"prompt_number": 3, "cell_type": "code", "input": ["U, singval, VT = la.svd(A)\n", "V = VT.T"], "metadata": {}, "outputs": [], "language": "python", "collapsed": false}, {"metadata": {}, "cell_type": "markdown", "source": ["Let's first understand the shapes of these arrays:"]}, {"prompt_number": 4, "cell_type": "code", "input": ["print(U.shape)\n", "print(singval.shape)\n", "print(V.shape) "], "metadata": {}, "outputs": [{"text": ["(5, 5)\n", "(3,)\n", "(3, 3)\n"], "stream": "stdout", "output_type": "stream"}], "language": "python", "collapsed": false}, {"metadata": {}, "cell_type": "markdown", "source": ["Check the orthogonality of $U$ and $V$:"]}, {"prompt_number": 5, "cell_type": "code", "input": ["U.T.dot(U)"], "metadata": {}, "outputs": [{"text": ["array([[  1.0000e+00,   0.0000e+00,  -6.9389e-17,   5.5511e-17,   5.5511e-17],\n", "       [  0.0000e+00,   1.0000e+00,  -1.9429e-16,  -6.9389e-17,  -5.5511e-17],\n", "       [ -6.9389e-17,  -1.9429e-16,   1.0000e+00,  -1.6653e-16,   5.5511e-17],\n", "       [  5.5511e-17,  -6.9389e-17,  -1.6653e-16,   1.0000e+00,   0.0000e+00],\n", "       [  5.5511e-17,  -5.5511e-17,   5.5511e-17,   0.0000e+00,   1.0000e+00]])"], "metadata": {}, "prompt_number": 5, "output_type": "pyout"}], "language": "python", "collapsed": false}, {"prompt_number": 6, "cell_type": "code", "input": ["V.T.dot(V)"], "metadata": {}, "outputs": [{"text": ["array([[  1.0000e+00,   3.8858e-16,   5.5511e-17],\n", "       [  3.8858e-16,   1.0000e+00,   1.9429e-16],\n", "       [  5.5511e-17,   1.9429e-16,   1.0000e+00]])"], "metadata": {}, "prompt_number": 6, "output_type": "pyout"}], "language": "python", "collapsed": false}, {"metadata": {}, "cell_type": "markdown", "source": ["Now build the matrix $\\Sigma$:"]}, {"prompt_number": 7, "cell_type": "code", "input": ["Sigma = np.zeros(A.shape)\n", "Sigma[:3, :3] = np.diag(singval)\n", "Sigma"], "metadata": {}, "outputs": [{"text": ["array([[ 2.4741,  0.    ,  0.    ],\n", "       [ 0.    ,  1.3509,  0.    ],\n", "       [ 0.    ,  0.    ,  0.4768],\n", "       [ 0.    ,  0.    ,  0.    ],\n", "       [ 0.    ,  0.    ,  0.    ]])"], "metadata": {}, "prompt_number": 7, "output_type": "pyout"}], "language": "python", "collapsed": false}, {"metadata": {}, "cell_type": "markdown", "source": ["Now piece $A$ back together from the factorization:"]}, {"prompt_number": 8, "cell_type": "code", "input": ["U.dot(Sigma).dot(V.T) - A"], "metadata": {}, "outputs": [{"text": ["array([[ -1.6653e-16,  -2.0817e-16,   0.0000e+00],\n", "       [ -2.2204e-16,   1.2837e-16,   3.1919e-16],\n", "       [ -8.3267e-17,  -2.2204e-16,  -2.4980e-16],\n", "       [  6.6613e-16,  -3.0531e-16,  -4.4409e-16],\n", "       [ -2.2204e-16,   1.3878e-16,   1.6653e-16]])"], "metadata": {}, "prompt_number": 8, "output_type": "pyout"}], "language": "python", "collapsed": false}, {"metadata": {}, "cell_type": "markdown", "source": ["----------------\n", "Next, compute the pseudoinverse:"]}, {"prompt_number": 9, "cell_type": "code", "input": ["SigmaInv = np.zeros((3,5))\n", "SigmaInv[:3, :3] = np.diag(1/singval)\n", "SigmaInv"], "metadata": {}, "outputs": [{"text": ["array([[ 0.4042,  0.    ,  0.    ,  0.    ,  0.    ],\n", "       [ 0.    ,  0.7402,  0.    ,  0.    ,  0.    ],\n", "       [ 0.    ,  0.    ,  2.0971,  0.    ,  0.    ]])"], "metadata": {}, "prompt_number": 9, "output_type": "pyout"}], "language": "python", "collapsed": false}, {"prompt_number": 10, "cell_type": "code", "input": ["A_pinv = V.dot(SigmaInv).dot(U.T)"], "metadata": {}, "outputs": [], "language": "python", "collapsed": false}, {"metadata": {}, "cell_type": "markdown", "source": ["-------------\n", "Now use the pseudoinverse to \"solve\" $Ax=b$ for our tall-and-skinny $A$:"]}, {"prompt_number": 11, "cell_type": "code", "input": ["b = np.random.randn(5)"], "metadata": {}, "outputs": [], "language": "python", "collapsed": false}, {"prompt_number": 12, "cell_type": "code", "input": ["A_pinv.dot(b)"], "metadata": {}, "outputs": [{"text": ["array([ 0.2425, -3.5347,  0.9537])"], "metadata": {}, "prompt_number": 12, "output_type": "pyout"}], "language": "python", "collapsed": false}, {"metadata": {}, "cell_type": "markdown", "source": ["---------------\n", "Compare with the solution from QR-based Least Squares:"]}, {"prompt_number": 13, "cell_type": "code", "input": ["Q, R = la.qr(A, \"complete\")\n", "la.solve(R[:3], Q.T.dot(b)[:3])"], "metadata": {}, "outputs": [{"text": ["array([ 0.2425, -3.5347,  0.9537])"], "metadata": {}, "prompt_number": 13, "output_type": "pyout"}], "language": "python", "collapsed": false}], "metadata": {}}], "nbformat": 3, "nbformat_minor": 0}